60 93
73
34 6 16 87
13 3 41 49
13 5 18 68
10 12 44 75
10 12 27 53
6 7 3 57
6 15 36 16
25 7 21 5
25 15 11 12
21 12 12 27
16 7 0 86
16 5 44 44
21 3 0 54
21 5 39 58
5 7 55 51
5 5 24 78
4 1 50 87
4 10 0 69
6 13 54 75
12 13 48 31
12 9 47 3
23 6 37 63
7 3 0 51
7 5 53 88
2 1 54 49
2 10 58 21
6 6 42 38
6 5 38 0
14 7 33 31
14 6 46 69
16 3 44 0
16 5 22 0
14 6 41 52
14 5 18 73
14 13 4 66
3 2 29 78
3 7 17 57
11 2 26 65
11 7 0 79
6 7 11 79
6 6 21 53
33 14 8 39
12 4 17 83
12 3 9 9
16 18 42 12
12 3 0 27
12 18 32 69
4 4 38 12
4 3 0 66
3 1 38 53
3 2 50 88
6 9 0 0
6 9 20 59
6 1 3 64
6 2 31 67
5 7 16 2
5 18 3 30
3 9 9 30
3 9 0 57
9 18 0 9
6 5 18 78
6 2 16 0
2 12 9 12
2 9 37 54
8 3 0 48
8 9 9 57
10 9 6 0
3 5 41 44
3 2 44 3
3 18 0 30
3 7 29 80
2 3 18 65
2 9 58 12
