60 94
73
6 34 32 31
13 3 4 85
5 13 27 36
12 10 28 15
12 10 0 57
7 6 45 56
15 6 27 25
7 25 53 1
25 15 28 0
21 12 12 70
16 7 17 87
5 16 27 49
3 21 57 73
5 21 0 20
7 5 27 65
5 5 55 58
1 4 13 11
4 10 9 34
13 6 40 19
13 12 0 45
12 9 16 16
6 23 51 71
3 7 13 16
5 7 5 25
2 1 53 0
2 10 33 73
6 6 4 88
6 5 6 6
7 14 6 11
14 6 46 63
3 16 35 65
5 16 55 42
14 6 14 10
14 5 38 51
13 14 38 69
2 3 0 91
3 7 3 0
11 2 33 83
7 11 38 56
7 6 12 25
6 6 6 0
14 33 13 36
4 12 5 32
3 12 38 31
18 16 42 26
3 12 3 8
12 18 0 67
4 4 0 41
4 3 40 15
3 1 3 7
3 2 0 0
6 9 41 42
6 9 22 0
6 1 10 88
6 2 45 83
7 5 10 89
18 5 14 31
3 9 52 51
9 3 24 82
18 9 33 85
5 6 19 25
6 2 54 69
12 2 12 82
2 9 2 85
3 8 38 43
8 9 47 42
9 10 13 0
3 5 24 25
3 2 35 81
3 18 0 2
7 3 46 16
2 3 0 85
2 9 10 25
