60 91
73
34 6 0 77
13 3 21 74
13 5 37 59
10 12 44 34
10 12 21 57
6 7 0 20
6 15 0 5
25 7 35 0
25 15 35 7
21 12 33 22
16 7 44 46
16 5 0 83
21 3 16 41
21 5 21 69
5 7 33 34
5 5 48 67
4 1 12 26
4 10 56 27
6 13 31 53
12 13 23 0
12 9 9 7
23 6 37 53
7 3 22 13
7 5 0 0
2 1 52 84
2 10 58 68
6 6 16 21
6 5 42 67
14 7 7 0
14 6 32 83
16 3 37 64
16 5 12 16
14 6 46 85
14 5 16 83
14 13 16 44
3 2 9 16
3 7 54 78
11 2 32 89
11 7 42 72
6 7 29 13
6 6 22 21
33 14 0 27
12 4 42 79
12 3 0 88
16 18 0 41
12 3 12 88
12 18 0 59
4 4 12 22
4 3 32 66
3 1 55 59
3 2 18 57
6 9 54 37
6 9 6 18
6 1 38 34
6 2 36 67
5 7 28 20
5 18 53 60
3 9 6 9
3 9 38 35
9 18 12 59
6 5 54 22
6 2 46 83
2 12 21 1
2 9 54 27
8 3 24 88
8 9 34 74
10 9 31 44
3 5 50 59
3 2 43 89
3 18 41 35
3 7 57 78
2 3 30 85
2 9 58 59
