60 93
73
34 6 14 76
13 3 13 68
13 5 19 0
10 12 38 6
10 12 44 55
6 7 54 33
6 15 54 52
25 7 30 45
25 15 35 18
21 12 33 33
16 7 28 82
16 5 27 68
21 3 29 90
21 5 17 5
5 7 44 82
5 5 16 17
4 1 0 48
4 10 0 67
6 13 38 54
12 13 48 67
12 9 48 0
23 6 15 10
7 3 47 52
7 5 50 87
2 1 41 89
2 10 15 0
6 6 14 82
6 5 1 36
14 7 21 52
14 6 21 16
16 3 27 73
16 5 32 0
14 6 0 42
14 5 13 71
14 13 16 36
3 2 44 53
3 7 30 38
11 2 5 48
11 7 49 80
6 7 22 61
6 6 7 36
33 14 0 22
12 4 0 18
12 3 0 86
16 18 5 50
12 3 0 89
12 18 3 0
4 4 12 18
4 3 56 40
3 1 51 92
3 2 20 91
6 9 48 9
6 9 54 9
6 1 16 49
6 2 21 59
5 7 55 43
5 18 0 49
3 9 45 67
3 9 1 77
9 18 4 68
6 5 13 88
6 2 23 91
2 12 14 36
2 9 43 67
8 3 22 49
8 9 20 82
10 9 28 59
3 5 57 88
3 2 55 50
3 18 0 0
3 7 35 52
2 3 17 2
2 9 33 24
