60 97
73
34 6 0 62
3 13 23 77
5 13 55 24
12 10 0 68
12 10 36 2
6 7 23 90
6 15 1 0
25 7 8 0
15 25 14 28
21 12 29 18
7 16 53 37
5 16 30 35
21 3 16 58
5 21 48 32
5 7 35 33
5 5 20 13
1 4 54 32
4 10 55 71
13 6 2 21
13 12 7 9
9 12 29 85
23 6 25 12
7 3 22 18
5 7 30 51
2 1 26 88
10 2 41 83
6 6 0 15
5 6 50 26
7 14 53 1
14 6 15 21
16 3 14 53
16 5 20 7
14 6 34 62
14 5 12 68
14 13 26 68
2 3 38 40
3 7 33 0
11 2 48 95
7 11 40 68
7 6 53 15
6 6 54 89
14 33 0 28
12 4 29 81
3 12 20 82
16 18 4 79
3 12 35 40
12 18 48 53
4 4 22 73
3 4 35 53
1 3 59 71
2 3 20 94
9 6 51 81
6 9 42 33
6 1 7 61
2 6 0 79
7 5 15 74
5 18 48 0
3 9 1 86
9 3 51 21
9 18 38 43
5 6 48 89
2 6 0 21
12 2 36 0
2 9 40 34
8 3 41 80
8 9 47 71
9 10 38 85
3 5 12 74
2 3 2 79
18 3 30 30
3 7 26 81
3 2 57 87
9 2 48 87
