60 95
73
6 34 48 17
3 13 27 33
13 5 9 7
10 12 17 44
12 10 27 23
7 6 28 47
6 15 42 17
25 7 3 78
15 25 10 13
12 21 25 2
16 7 9 0
5 16 0 9
3 21 51 56
5 21 5 12
7 5 43 58
5 5 0 25
1 4 24 9
10 4 50 91
6 13 42 42
13 12 10 85
12 9 36 33
6 23 54 54
7 3 3 94
7 5 3 59
1 2 59 95
10 2 47 95
6 6 21 38
6 5 44 63
14 7 37 0
6 14 30 33
16 3 5 38
5 16 0 33
6 14 54 37
5 14 55 12
13 14 47 77
3 2 57 0
7 3 17 56
11 2 29 95
11 7 44 10
6 7 36 44
6 6 54 26
14 33 28 53
4 12 6 66
12 3 48 51
16 18 10 60
3 12 0 58
12 18 5 41
4 4 6 34
4 3 47 74
3 1 40 96
2 3 1 30
6 9 51 1
6 9 41 87
6 1 37 10
2 6 37 16
5 7 0 70
5 18 42 69
9 3 41 7
3 9 0 49
18 9 23 86
6 5 54 32
6 2 38 11
2 12 26 63
2 9 25 23
8 3 42 55
8 9 1 0
10 9 0 85
3 5 3 64
3 2 6 9
3 18 39 13
3 7 0 78
3 2 23 95
2 9 58 2
