60 92
73
34 6 26 71
13 3 3 36
13 5 0 19
10 12 50 52
10 12 48 34
6 7 54 13
6 15 47 19
25 7 15 53
25 15 35 77
21 12 0 24
16 7 44 64
16 5 44 0
21 3 3 85
21 5 33 10
5 7 53 27
5 5 34 60
4 1 34 9
4 10 42 45
6 13 21 24
12 13 0 72
12 9 32 0
23 6 12 79
7 3 35 36
7 5 28 25
2 1 4 88
2 10 58 36
6 6 3 48
6 5 6 67
14 7 1 54
14 6 46 46
16 3 38 15
16 5 13 19
14 6 0 0
14 5 45 5
14 13 0 6
3 2 26 69
3 7 41 64
11 2 16 37
11 7 24 85
6 7 29 18
6 6 6 61
33 14 9 39
12 4 8 88
12 3 29 68
16 18 14 0
12 3 28 65
12 18 35 18
4 4 20 88
4 3 56 10
3 1 42 9
3 2 32 77
6 9 42 36
6 9 0 63
6 1 48 18
6 2 0 61
5 7 53 20
5 18 21 61
3 9 6 39
3 9 3 39
9 18 12 61
6 5 28 60
6 2 26 77
2 12 58 23
2 9 26 60
8 3 30 15
8 9 27 30
10 9 40 55
3 5 30 9
3 2 46 53
3 18 0 36
3 7 0 85
2 3 6 88
2 9 30 0
