60 94
73
34 6 26 21
13 3 10 49
13 5 0 14
10 12 26 49
10 12 0 49
6 7 54 54
6 15 54 39
25 7 14 14
25 15 0 61
21 12 39 61
16 7 10 54
16 5 10 89
21 3 39 73
21 5 33 38
5 7 22 82
5 5 0 0
4 1 0 83
4 10 5 30
6 13 16 76
12 13 48 81
12 9 27 80
23 6 37 27
7 3 5 40
7 5 26 89
2 1 42 0
2 10 36 52
6 6 54 33
6 5 32 44
14 7 46 0
14 6 0 24
16 3 0 76
16 5 37 33
14 6 18 43
14 5 0 19
14 13 12 30
3 2 57 7
3 7 6 0
11 2 7 43
11 7 26 27
6 7 8 82
6 6 48 12
33 14 9 0
12 4 6 45
12 3 0 79
16 18 38 43
12 3 48 9
12 18 27 62
4 4 48 77
4 3 12 79
3 1 3 82
3 2 45 7
6 9 54 12
6 9 0 5
6 1 0 48
6 2 48 7
5 7 28 36
5 18 0 30
3 9 9 31
3 9 45 9
9 18 39 76
6 5 54 76
6 2 33 92
2 12 25 70
2 9 25 61
8 3 46 18
8 9 0 85
10 9 15 21
3 5 39 16
3 2 54 7
3 18 42 3
3 7 6 7
2 3 6 82
2 9 26 34
