REPORT:

Instance:1	Time:0.0	                Sol:[[8, 8], [3, 3, 7, 6], [3, 5, 7, 1], [5, 3, 2, 6], [5, 5, 2, 1]]
Instance:2	Time:0.003002166748046875	Sol:[[9, 9], [3, 3, 7, 7], [3, 4, 1, 6], [3, 5, 1, 1], [3, 6, 7, 1], [3, 9, 4, 1]]
Instance:3	Time:0.003528594970703125	Sol:[[10, 10], [3, 3, 8, 8], [3, 4, 5, 7], [3, 6, 1, 1], [3, 7, 8, 1], [4, 4, 1, 7], [4, 6, 4, 1]]
Instance:4	Time:0.05396461486816406	Sol:[[11, 12], [3, 3, 9, 5], [3, 4, 9, 1], [3, 5, 4, 8], [3, 6, 1, 6], [5, 3, 4, 5], [5, 4, 7, 8], [8, 4, 1, 1]]
Instance:5	Time:0.1359233856201172	    Sol:[[12, 13], [3, 3, 10, 8], [3, 4, 4, 10], [3, 5, 1, 9], [3, 6, 1, 1], [3, 7, 10, 1], [3, 8, 7, 3], [3, 9, 4, 1], [6, 3, 7, 11]]
Instance:6	Time:0.0702056884765625	    Sol:[[13, 13], [3, 3, 7, 11], [3, 4, 7, 7], [3, 5, 1, 9], [3, 6, 11, 1], [3, 7, 4, 7], [3, 8, 1, 1], [4, 3, 10, 11], [4, 4, 10, 7], [7, 6, 4, 1]]
Instance:7	Time:0.03495597839355469	Sol:[[14, 14], [3, 3, 12, 12], [3, 4, 12, 1], [3, 5, 9, 10], [3, 6, 1, 1], [3, 7, 12, 5], [3, 8, 1, 7], [3, 9, 9, 1], [5, 4, 4, 11], [5, 10, 4, 1]]
Instance:8	Time:0.09200477600097656	Sol:[[15, 15], [3, 3, 13, 13], [3, 4, 4, 12], [3, 5, 4, 1], [3, 6, 4, 6], [3, 7, 1, 9], [3, 8, 1, 1], [3, 9, 13, 4], [3, 12, 10, 4], [3, 15, 7, 1], [6, 3, 10, 1]]
Instance:9	Time:0.0099945068359375	    Sol:[[16, 16], [3, 3, 14, 14], [3, 4, 8, 1], [3, 5, 14, 1], [3, 6, 11, 1], [3, 7, 1, 10], [3, 8, 14, 6], [3, 10, 11, 7], [3, 12, 8, 5], [4, 7, 4, 10], [7, 9, 1, 1]]
Instance:10	Time:0.15999984741210938	Sol:[[17, 17], [3, 3, 4, 15], [3, 4, 1, 1], [3, 5, 4, 10], [3, 6, 1, 12], [3, 7, 1, 5], [3, 8, 15, 4], [3, 9, 4, 1], [4, 3, 7, 15], [4, 8, 11, 4], [4, 14, 7, 1], [7, 3, 11, 1], [7, 6, 11, 12]]
Instance:11	Time:0.9702529907226562	    Sol:[[18, 18], [3, 3, 11, 5], [3, 4, 7, 1], [3, 5, 7, 8], [3, 6, 7, 13], [3, 7, 4, 12], [3, 8, 1, 11], [3, 10, 1, 1], [3, 11, 4, 1], [4, 3, 7, 5], [4, 4, 15, 1], [4, 5, 10, 14], [4, 6, 10, 8], [5, 3, 14, 5], [5, 4, 10, 1], [5, 5, 14, 14], [5, 6, 14, 8]]
Instance:12	Time:0.6219425201416016	    Sol:[[19, 19], [3, 3, 17, 17], [3, 4, 1, 1], [3, 5, 17, 1], [3, 6, 14, 1], [3, 7, 1, 13], [3, 8, 1, 5], [3, 9, 4, 1], [3, 10, 4, 10], [3, 11, 17, 6], [3, 13, 14, 7], [3, 19, 7, 1], [4, 5, 10, 1], [4, 6, 10, 14], [4, 8, 10, 6]]
Instance:13	Time:4.116159439086914	    Sol:[[20, 20], [3, 3, 20, 18], [3, 4, 6, 17], [3, 5, 3, 16], [3, 6, 6, 1], [3, 7, 3, 1], [3, 8, 3, 8], [3, 9, 17, 1], [3, 10, 6, 7], [3, 11, 13, 10], [3, 17, 20, 1], [4, 3, 9, 18], [4, 9, 13, 1], [4, 11, 16, 10], [4, 17, 9, 1]]
Instance:14	Time:0.9604930877685547	    Sol:[[21, 21], [3, 3, 27, 19], [3, 4, 21, 1], [3, 5, 18, 1], [3, 6, 18, 16], [3, 7, 24, 1], [3, 8, 21, 5], [3, 9, 21, 13], [3, 10, 18, 6], [3, 14, 24, 8], [3, 18, 27, 1], [4, 4, 14, 18], [4, 6, 14, 12], [4, 11, 14, 1], [5, 6, 9, 16], [5, 15, 9, 1]]
Instance:15	Time:0.7238788604736328	    Sol:[[22, 22], [3, 3, 20, 16], [3, 4, 20, 12], [3, 5, 17, 1], [3, 6, 14, 1], [3, 7, 14, 7], [3, 8, 1, 15], [3, 9, 14, 14], [3, 10, 4, 1], [3, 11, 20, 1], [3, 12, 4, 11], [3, 13, 17, 6], [3, 14, 1, 1], [3, 22, 7, 1], [4, 3, 10, 20], [4, 19, 10, 1], [6, 4, 17, 19]]
Instance:16	Time:10.019229888916016	    Sol:None
Instance:17	Time:7.63017463684082	    Sol:[[24, 24], [3, 3, 21, 22], [3, 4, 15, 9], [3, 5, 4, 20], [3, 6, 18, 19], [3, 7, 21, 15], [3, 8, 15, 1], [3, 9, 4, 11], [3, 10, 4, 1], [3, 12, 15, 13], [3, 14, 21, 1], [3, 18, 18, 1], [3, 24, 7, 1], [4, 3, 24, 6], [4, 4, 24, 21], [4, 5, 24, 1], [4, 12, 24, 9], [5, 8, 10, 17], [5, 16, 10, 1]]
Instance:18	Time:10.027788162231445	    Sol:None
