REPORT:

Instance:1  Time:0.013990402221679688   Sol:[[8, 8], [3, 3, 1, 6], [3, 5, 6, 1], [5, 3, 4, 6], [5, 5, 1, 1]]  
Instance:2  Time:0.023003101348876953   Sol:[[9, 9], [3, 3, 7, 7], [3, 4, 1, 1], [3, 5, 1, 5], [3, 6, 7, 1], [3, 9, 4, 1]]
Instance:3  Time:0.04344010353088379    Sol:[[10, 10], [3, 3, 8, 8], [3, 4, 5, 7], [3, 6, 5, 1], [3, 7, 8, 1], [4, 4, 1, 7], [4, 6, 1, 1]]
Instance:4  Time:0.06743478775024414    Sol:[[11, 12], [3, 3, 9, 10], [3, 4, 9, 1], [3, 5, 9, 5], [3, 6, 6, 5], [5, 3, 1, 10], [5, 4, 1, 5], [8, 4, 1, 1]]  
Instance:5  Time:0.11980509757995605    Sol:[[12, 13], [3, 3, 10, 11], [3, 4, 10, 1], [3, 5, 1, 1], [3, 6, 10, 5], [3, 7, 7, 1], [3, 8, 1, 6], [3, 9, 4, 1], [6, 3, 4, 10]]
Instance:6  Time:0.0729975700378418     Sol:[[13, 13], [3, 3, 11, 11], [3, 4, 11, 7], [3, 5, 1, 1], [3, 6, 11, 1], [3, 7, 8, 7], [3, 8, 1, 6], [4, 3, 4, 7], [4, 4, 4, 10], [7, 6, 4, 1]] 
Instance:7  Time:0.05872654914855957    Sol:[[14, 14], [3, 3, 12, 12], [3, 4, 12, 1], [3, 5, 6, 1], [3, 6, 9, 1], [3, 7, 12, 5], [3, 8, 9, 7], [3, 9, 6, 6], [5, 4, 1, 11], [5, 10, 1, 1]]  
Instance:8  Time:0.11757063865661621    Sol:[[15, 15], [3, 3, 13, 13], [3, 4, 13, 9], [3, 5, 1, 1], [3, 6, 10, 10], [3, 7, 1, 6], [3, 8, 13, 1], [3, 9, 10, 1], [3, 12, 4, 1], [3, 15, 7, 1], [6, 3, 1, 13]]
Instance:9  Time:0.12528038024902344    Sol:[[16, 16], [3, 3, 14, 14], [3, 4, 1, 1], [3, 5, 14, 9], [3, 6, 11, 1], [3, 7, 8, 10], [3, 8, 14, 1], [3, 10, 11, 7], [3, 12, 1, 5], [4, 7, 4, 10], [7, 9, 4, 1]] 
Instance:10 Time:0.252307653427124      Sol:[[17, 17], [3, 3, 11, 15], [3, 4, 4, 14], [3, 5, 18, 1], [3, 6, 4, 1], [3, 7, 4, 7], [3, 8, 11, 7], [3, 9, 18, 6], [4, 3, 7, 15], [4, 8, 14, 7], [4, 14, 7, 1], [7, 3, 14, 15], [7, 6, 11, 1]]
Instance:11 Time:1.6888222694396973     Sol:[[18, 18], [3, 3, 11, 16], [3, 4, 1, 9], [3, 5, 11, 1], [3, 6, 1, 13], [3, 7, 8, 12], [3, 8, 1, 1], [3, 10, 11, 6], [3, 11, 8, 1], [4, 3, 4, 16], [4, 4, 4, 12], [4, 5, 4, 7], [4, 6, 4, 1], [5, 3, 14, 11], [5, 4, 14, 1], [5, 5, 14, 14], [5, 6, 14, 5]]
Instance:12 Time:13.833915710449219     Sol:[[19, 19], [3, 3, 19, 17], [3, 4, 6, 11], [3, 5, 6, 15], [3, 6, 3, 1], [3, 7, 19, 10], [3, 8, 16, 1], [3, 9, 19, 1], [3, 10, 6, 1], [3, 11, 16, 9], [3, 13, 3, 7], [3, 19, 9, 1], [4, 5, 12, 1], [4, 6, 12, 6], [4, 8, 12, 12]]
Instance:13 Time:12.406208515167236     Sol:[[20, 20], [3, 3, 18, 18], [3, 4, 15, 1], [3, 5, 12, 16], [3, 6, 15, 5], [3, 7, 12, 1], [3, 8, 12, 8], [3, 9, 9, 12], [3, 10, 15, 11], [3, 11, 9, 1], [3, 17, 18, 1], [4, 3, 5, 18], [4, 9, 1, 12], [4, 11, 1, 1], [4, 17, 5, 1]]
Instance:14 Time:11.070038318634033     Sol:[[21, 21], [3, 3, 20, 19], [3, 4, 14, 1], [3, 5, 17, 17], [3, 6, 17, 11], [3, 7, 2, 15], [3, 8, 14, 5], [3, 9, 14, 13], [3, 10, 17, 1], [3, 14, 2, 1], [3, 18, 20, 1], [4, 4, 5, 18], [4, 6, 5, 12], [4, 11, 5, 1], [5, 6, 9, 16], [5, 15, 9, 1]]
Instance:15 Time:7.634274482727051      Sol:[[22, 22], [3, 3, 20, 20], [3, 4, 14, 5], [3, 5, 4, 18], [3, 6, 11, 17], [3, 7, 4, 1], [3, 8, 20, 12], [3, 9, 17, 14], [3, 10, 4, 8], [3, 11, 20, 1], [3, 12, 11, 5], [3, 13, 17, 1], [3, 14, 14, 9], [3, 22, 1, 1], [4, 3, 7, 20], [4, 19, 7, 1], [6, 4, 11, 1]]
Instance:16 Time:300.06089663505554     Sol:[[23, 24], [3, 3, 21, 19], [3, 4, 11, 21], [3, 5, 1, 7], [3, 6, 1, 1], [3, 7, 17, 1], [3, 8, 4, 1], [3, 9, 14, 12], [3, 10, 1, 12], [3, 11, 14, 1], [3, 12, 21, 7], [3, 14, 4, 9], [3, 20, 11, 1], [4, 3, 7, 22], [4, 4, 14, 21], [4, 6, 20, 1], [4, 10, 7, 1], [4, 11, 7, 11], [4, 12, 17, 8], [6, 3, 18, 22]]
Instance:17 Time:16.88560461997986      Sol:[[24, 24], [3, 3, 18, 22], [3, 4, 6, 1], [3, 5, 6, 13], [3, 6, 15, 19], [3, 7, 6, 18], [3, 8, 6, 5], [3, 9, 18, 1], [3, 10, 12, 1], [3, 12, 18, 10], [3, 14, 12, 11], [3, 18, 15, 1], [3, 24, 9, 1], [4, 3, 21, 22], [4, 4, 21, 18], [4, 5, 21, 13], [4, 12, 21, 1], [5, 8, 1, 17], [5, 16, 1, 1]]
Instance:18 Time:65.77242398262024      Sol:[[25, 25], [3, 3, 23, 20], [3, 4, 4, 11], [3, 5, 13, 1], [3, 6, 13, 20], [3, 7, 7, 1], [3, 8, 1, 18], [3, 9, 20, 14], [3, 10, 4, 1], [3, 11, 4, 15], [3, 13, 16, 1], [3, 14, 13, 6], [3, 17, 1, 1], [3, 18, 7, 8], [3, 19, 23, 1], [3, 25, 10, 1], [4, 5, 16, 14], [4, 7, 16, 19], [4, 13, 19, 1], [6, 3, 20, 23]]
Instance:19 Time:300.06290340423584     Sol:[[26, 28], [3, 3, 25, 26], [3, 4, 6, 18], [3, 5, 6, 1], [3, 6, 15, 9], [3, 7, 15, 2], [3, 8, 2, 16], [3, 9, 9, 12], [3, 10, 22, 19], [3, 11, 9, 1], [3, 12, 6, 6], [3, 14, 15, 15], [3, 15, 21, 3], [3, 16, 25, 10], [3, 17, 18, 1], [3, 19, 12, 1], [4, 3, 24, 5], [4, 4, 24, 1], [4, 5, 2, 24], [4, 7, 6, 22], [4, 8, 10, 21], [4, 11, 18, 18], [4, 14, 2, 1]]
Instance:20 Time:300.0692775249481      Sol:[[27, 28], [3, 3, 26, 26], [3, 4, 5, 1], [3, 5, 26, 21], [3, 6, 19, 1], [3, 7, 16, 3], [3, 8, 2, 21], [3, 9, 2, 11], [3, 10, 2, 1], [3, 11, 5, 18], [3, 12, 5, 6], [3, 19, 20, 10], [3, 20, 26, 1], [3, 21, 23, 8], [4, 3, 22, 5], [4, 4, 22, 1], [4, 6, 8, 23], [4, 7, 8, 1], [4, 8, 12, 21], [4, 14, 8, 9], [4, 19, 16, 10], [4, 20, 12, 1]]
Instance:21 Time:300.0751221179962      Sol:[[28, 29], [3, 3, 27, 1], [3, 4, 2, 10], [3, 5, 19, 25], [3, 6, 16, 24], [3, 7, 9, 23], [3, 8, 22, 22], [3, 9, 2, 1], [3, 10, 20, 12], [3, 11, 20, 1], [3, 16, 2, 14], [3, 17, 23, 4], [3, 21, 10, 2], [3, 23, 17, 1], [4, 3, 23, 1], [4, 4, 26, 17], [4, 5, 12, 25], [4, 8, 5, 22], [4, 13, 26, 4], [4, 23, 13, 1], [5, 6, 5, 1], [5, 9, 25, 21], [5, 13, 5, 7]]
Instance:22 Time:300.06227588653564     Sol:[[29, 31], [3, 3, 26, 22], [3, 4, 18, 19], [3, 5, 7, 9], [3, 6, 30, 1], [3, 7, 10, 4], [3, 8, 15, 24], [3, 9, 22, 23], [3, 10, 4, 9], [3, 11, 4, 21], [3, 15, 30, 7], [3, 18, 7, 14], [3, 20, 10, 11], [4, 3, 9, 1], [4, 4, 29, 28], [4, 5, 22, 1], [4, 6, 29, 22], [4, 7, 25, 25], [4, 9, 18, 23], [4, 15, 22, 6], [4, 18, 18, 1], [4, 20, 26, 1], [5, 4, 13, 1], [5, 8, 4, 1], [5, 17, 13, 7]]
Instance:23 Time:300.05137753486633     Sol:[[30, 31], [3, 3, 28, 29], [3, 4, 1, 1], [3, 5, 25, 27], [3, 6, 19, 1], [3, 7, 28, 1], [3, 8, 28, 21], [3, 9, 19, 23], [3, 10, 1, 22], [3, 11, 22, 1], [3, 13, 28, 8], [3, 14, 5, 4], [3, 16, 19, 7], [3, 19, 22, 13], [3, 25, 25, 1], [4, 3, 4, 1], [4, 4, 4, 28], [4, 6, 4, 22], [4, 8, 1, 5], [4, 9, 1, 13], [11, 30, 8, 1]]
Instance:24 Time:70.67478251457214      Sol:[[31, 31], [3, 3, 29, 29], [3, 4, 22, 9], [3, 5, 29, 13], [3, 6, 22, 26], [3, 7, 1, 1], [3, 8, 26, 1], [3, 9, 7, 23], [3, 10, 1, 8], [3, 11, 29, 18], [3, 12, 29, 1], [3, 13, 22, 13], [3, 14, 1, 18], [3, 22, 7, 1], [3, 31, 4, 1], [4, 3, 25, 29], [4, 7, 25, 22], [4, 8, 22, 1], [4, 13, 25, 9], [12, 31, 10, 1]]
Instance:25 Time:300.07734632492065     Sol:[[32, 33], [3, 3, 30, 31], [3, 4, 21, 1], [3, 5, 30, 14], [3, 6, 11, 28], [3, 7, 14, 27], [3, 8, 8, 26], [3, 9, 24, 1], [3, 10, 1, 1], [3, 11, 14, 16], [3, 12, 30, 19], [3, 13, 30, 1], [3, 14, 27, 1], [3, 15, 14, 1], [3, 18, 27, 16], [3, 22, 1, 11], [3, 23, 24, 11], [3, 24, 8, 1], [3, 25, 17, 9], [3, 27, 11, 1], [4, 3, 20, 14], [4, 4, 20, 30], [4, 5, 4, 29], [4, 6, 17, 1], [4, 7, 20, 7], [4, 10, 4, 19], [4, 11, 20, 17], [4, 18, 4, 1]]
Instance:26 Time:300.05920577049255     Sol:[[33, 34], [3, 3, 34, 32], [3, 4, 4, 11], [3, 5, 4, 16], [3, 6, 7, 10], [3, 7, 34, 25], [3, 8, 11, 15], [3, 9, 7, 1], [3, 10, 4, 1], [3, 13, 31, 22], [3, 14, 4, 21], [3, 15, 7, 20], [3, 17, 31, 5], [3, 24, 34, 1], [3, 30, 28, 5], [3, 33, 25, 1], [4, 3, 7, 16], [4, 4, 28, 1], [4, 6, 21, 11], [4, 10, 21, 1], [4, 12, 10, 23], [4, 14, 10, 1], [4, 17, 21, 18], [7, 33, 14, 1]]
Instance:27 Time:162.89057564735413     Sol:[[34, 34], [3, 3, 34, 32], [3, 4, 3, 1], [3, 5, 3, 5], [3, 6, 6, 18], [3, 7, 6, 11], [3, 8, 34, 1], [3, 9, 34, 23], [3, 10, 6, 1], [3, 11, 6, 24], [3, 12, 31, 23], [3, 13, 24, 1], [3, 14, 34, 9], [3, 21, 24, 14], [3, 22, 31, 1], [3, 25, 3, 10], [3, 34, 9, 1], [4, 4, 27, 31], [4, 5, 27, 15], [4, 11, 27, 20], [4, 14, 27, 1], [12, 34, 12, 1]]
Instance:28 Time:300.0571002960205      Sol:[[35, 36], [3, 3, 22, 34], [3, 4, 19, 23], [3, 5, 33, 29], [3, 6, 30, 28], [3, 7, 33, 22], [3, 8, 30, 1], [3, 9, 33, 1], [3, 10, 19, 27], [3, 12, 33, 10], [3, 19, 30, 9], [3, 22, 19, 1], [4, 3, 32, 34], [4, 4, 26, 33], [4, 5, 22, 1], [4, 6, 1, 31], [4, 7, 26, 1], [4, 8, 22, 6], [4, 12, 1, 19], [4, 17, 1, 1], [4, 20, 22, 14], [4, 23, 26, 8], [14, 35, 5, 1]]
Instance:29 Time:172.91576075553894     Sol:[[36, 36], [3, 3, 34, 34], [3, 4, 31, 25], [3, 5, 24, 1], [3, 6, 1, 8], [3, 7, 1, 1], [3, 8, 31, 29], [3, 9, 34, 25], [3, 10, 31, 15], [3, 11, 1, 14], [3, 12, 1, 25], [3, 14, 27, 1], [3, 15, 24, 6], [3, 16, 24, 21], [3, 24, 34, 1], [3, 36, 4, 1], [4, 3, 30, 12], [4, 11, 30, 1], [4, 22, 27, 15], [5, 3, 7, 34], [5, 4, 7, 16], [5, 14, 7, 20], [5, 15, 7, 1], [12, 36, 12, 1]]
Instance:30 Time:300.102255821228       Sol:[[37, 39], [3, 3, 35, 36], [3, 4, 32, 13], [3, 5, 32, 35], [3, 6, 29, 21], [3, 7, 1, 1], [3, 8, 29, 13], [3, 9, 1, 8], [3, 11, 25, 1], [3, 12, 28, 1], [3, 13, 29, 27], [3, 14, 35, 22], [3, 17, 6, 18], [3, 18, 32, 17], [3, 21, 35, 1], [4, 3, 1, 23], [4, 4, 31, 7], [4, 5, 4, 1], [4, 6, 31, 1], [4, 10, 4, 6], [4, 22, 9, 14], [4, 24, 25, 16], [5, 3, 8, 1], [5, 4, 8, 36], [5, 6, 1, 17], [5, 10, 8, 4], [5, 14, 1, 26], [12, 37, 13, 1]]
Instance:31 Time:288.925733089447       Sol:[[38, 38], [3, 3, 32, 10], [3, 4, 1, 25], [3, 5, 28, 34], [3, 6, 28, 13], [3, 7, 28, 19], [3, 8, 28, 26], [3, 9, 32, 1], [3, 10, 1, 29], [3, 11, 1, 14], [3, 13, 1, 1], [4, 3, 35, 20], [4, 5, 31, 34], [4, 6, 31, 28], [4, 8, 35, 1], [4, 11, 35, 9], [4, 12, 28, 1], [4, 15, 31, 13], [4, 16, 35, 23], [24, 38, 4, 1]]
Instance:32 Time:300.0983464717865      Sol:[[39, 41], [3, 3, 37, 39], [3, 4, 24, 28], [3, 5, 29, 1], [3, 6, 1, 18], [3, 7, 37, 26], [3, 8, 1, 1], [3, 9, 1, 9], [3, 10, 37, 1], [3, 11, 5, 31], [3, 15, 37, 11], [4, 3, 5, 4], [4, 4, 33, 38], [4, 5, 24, 23], [4, 6, 5, 25], [4, 8, 29, 34], [4, 9, 28, 7], [4, 12, 28, 16], [4, 15, 1, 27], [4, 16, 24, 7], [5, 3, 4, 1], [5, 4, 27, 28], [5, 5, 35, 33], [5, 6, 24, 1], [5, 8, 32, 14], [5, 10, 24, 32], [5, 11, 32, 22], [5, 13, 32, 1], [5, 18, 4, 7], [15, 39, 9, 1]]
Instance:33 Time:81.4132091999054       Sol:[[40, 40], [3, 3, 34, 38], [3, 4, 1, 32], [3, 5, 1, 36], [3, 6, 1, 26], [3, 7, 34, 21], [3, 8, 34, 1], [3, 9, 1, 17], [3, 10, 34, 28], [3, 12, 34, 9], [3, 16, 1, 1], [3, 40, 4, 1], [4, 4, 37, 37], [4, 14, 37, 23], [4, 22, 37, 1], [5, 3, 29, 38], [5, 4, 29, 34], [5, 8, 29, 1], [5, 12, 29, 9], [5, 13, 29, 21], [22, 40, 7, 1]]
Instance:34 Time:300.0822207927704      Sol:[[15, 42], [3, 11, 5, 26], [3, 13, 13, 17], [2, 9, 14, 8], [2, 7, 10, 23], [3, 9, 5, 17], [3, 7, 1, 13], [2, 11, 1, 32], [2, 13, 8, 17], [4, 11, 10, 1], [4, 13, 8, 30], [5, 3, 3, 37], [2, 11, 14, 30], [2, 2, 14, 41], [3, 11, 10, 12], [3, 2, 3, 41], [4, 5, 1, 2], [4, 6, 1, 7], [2, 12, 12, 31], [2, 1, 12, 30], [5, 3, 5, 14], [5, 13, 5, 1], [4, 12, 1, 20], [4, 1, 1, 1], [2, 5, 3, 32], [2, 6, 14, 1]]
Instance:35 Time:300.0896887779236      Sol:[[15, 41], [2, 11, 14, 10], [3, 2, 9, 31], [7, 10, 9, 21], [4, 8, 9, 9], [5, 9, 9, 33], [2, 7, 1, 27], [1, 4, 4, 16], [1, 6, 13, 10], [5, 4, 9, 17], [3, 8, 1, 13], [3, 1, 1, 1], [5, 5, 9, 4], [1, 3, 4, 13], [4, 12, 5, 30], [2, 6, 14, 4], [4, 2, 9, 1], [4, 11, 1, 2], [2, 10, 3, 24], [2, 3, 3, 21], [2, 11, 14, 31], [4, 3, 5, 27], [4, 26, 5, 1], [4, 8, 1, 34], [2, 3, 14, 1], [2, 6, 1, 21]]
Instance:36 Time:300.0839936733246      Sol:[[15, 42], [7, 12, 3, 12], [7, 7, 1, 36], [1, 7, 9, 24], [1, 5, 2, 19], [2, 3, 1, 10], [2, 6, 7, 24], [2, 7, 8, 1], [2, 5, 1, 14], [1, 3, 1, 21], [1, 6, 7, 30], [6, 12, 1, 24], [6, 9, 10, 1], [2, 12, 8, 31], [2, 7, 4, 5], [3, 10, 13, 11], [1, 4, 6, 7], [1, 5, 7, 7], [3, 16, 13, 22], [3, 5, 13, 38], [2, 4, 4, 1], [2, 5, 6, 2], [3, 10, 10, 33], [3, 9, 1, 1], [3, 16, 10, 15], [3, 5, 10, 10]]
Instance:37 Time:300.0898678302765      Sol:[[30, 63], [5, 7, 29, 18], [5, 14, 12, 50], [8, 14, 26, 1], [8, 4, 7, 42], [13, 21, 9, 1], [11, 7, 17, 22], [11, 14, 4, 28], [5, 14, 7, 50], [5, 4, 7, 22], [3, 18, 25, 46], [3, 21, 4, 43], [11, 17, 15, 29], [11, 4, 9, 46], [4, 7, 22, 1], [4, 5, 13, 23], [7, 6, 22, 15], [5, 18, 4, 4], [5, 3, 4, 1], [3, 7, 22, 8], [3, 5, 17, 59], [4, 18, 28, 46], [4, 3, 29, 15], [2, 12, 32, 52], [2, 6, 32, 46], [5, 18, 20, 46], [5, 21, 29, 25], [3, 17, 26, 29], [3, 4, 4, 22]]
Instance:38 Time:300.0978741645813      Sol:[[30, 65], [6, 18, 12, 1], [2, 12, 14, 42], [10, 7, 8, 54], [4, 23, 14, 19], [4, 1, 27, 1], [7, 7, 24, 59], [11, 4, 1, 1], [6, 5, 12, 61], [2, 7, 16, 42], [6, 11, 18, 37], [10, 19, 1, 5], [11, 5, 20, 18], [4, 2, 1, 24], [7, 5, 16, 49], [4, 2, 1, 34], [7, 12, 24, 47], [7, 13, 18, 24], [3, 6, 27, 2], [6, 10, 18, 56], [9, 16, 18, 1], [1, 4, 13, 20], [4, 10, 27, 8], [6, 24, 25, 23], [9, 9, 5, 24], [2, 1, 12, 19], [8, 5, 1, 61], [3, 5, 9, 61], [7, 25, 1, 36], [5, 21, 8, 33]]
Instance:39 Time:300.0903115272522      Sol:[[30, 62], [9, 24, 11, 4], [9, 8, 19, 55], [9, 11, 19, 44], [9, 17, 22, 1], [4, 24, 1, 7], [4, 8, 27, 34], [1, 6, 4, 1], [1, 5, 27, 29], [4, 17, 1, 46], [3, 6, 8, 25], [3, 5, 1, 2], [12, 5, 7, 58], [12, 13, 1, 31], [14, 14, 13, 28], [2, 14, 20, 4], [2, 2, 11, 1], [8, 3, 14, 1], [8, 9, 20, 18], [12, 14, 7, 44], [12, 2, 19, 42], [6, 3, 5, 1], [6, 9, 5, 4], [2, 5, 5, 58], [2, 13, 5, 44], [3, 18, 5, 13], [3, 14, 28, 18], [3, 16, 28, 47], [3, 12, 8, 13]]
Instance:40 Time:300.52280592918396     Sol:[[60, 127], [34, 6, 25, 69], [13, 3, 14, 30], [13, 5, 30, 49], [10, 12, 14, 78], [10, 12, 46, 116], [6, 7, 51, 20], [6, 15, 57, 13], [25, 7, 49, 46], [25, 15, 49, 77], [21, 12, 49, 1], [16, 7, 14, 47], [16, 5, 30, 25], [21, 3, 53, 107], [21, 5, 16, 8], [5, 7, 14, 59], [5, 5, 14, 54], [4, 1, 14, 69], [4, 10, 46, 59], [6, 13, 19, 65], [12, 13, 19, 90], [12, 9, 56, 110], [23, 6, 19, 54], [7, 3, 14, 18], [7, 5, 25, 75], [2, 1, 55, 18], [2, 10, 14, 1], [6, 6, 60, 101], [6, 5, 19, 60], [14, 7, 30, 18], [14, 6, 16, 2], [16, 3, 27, 30], [16, 5, 46, 54], [14, 6, 16, 24], [14, 5, 30, 13], [14, 13, 32, 84], [3, 2, 37, 11], [3, 7, 50, 60], [11, 2, 63, 31], [11, 7, 18, 112], [6, 7, 25, 60], [6, 6, 53, 101], [33, 14, 14, 33], [12, 4, 32, 4], [12, 3, 14, 21], [16, 18, 47, 28], [12, 3, 32, 1], [12, 18, 32, 110], [4, 4, 28, 124], [4, 3, 42, 107], [3, 1, 29, 1], [3, 2, 50, 67], [6, 9, 47, 101], [6, 9, 60, 92], [6, 1, 49, 13], [6, 2, 68, 95], [5, 7, 63, 13], [5, 18, 44, 2], [3, 9, 56, 92], [3, 9, 32, 75], [9, 18, 65, 59], [6, 5, 24, 15], [6, 2, 30, 47], [2, 12, 44, 116], [2, 9, 14, 119], [8, 3, 66, 20], [8, 9, 66, 98], [10, 9, 17, 103], [3, 5, 43, 49], [3, 2, 25, 13], [3, 18, 71, 110], [3, 7, 46, 21], [2, 3, 49, 92], [2, 9, 16, 119]]
