REPORT:

Instance:1	Time:0.0	Sol:[[8, 8], [3, 3, 7, 6], [3, 5, 7, 1], [5, 3, 2, 6], [5, 5, 2, 1]]
Instance:2	Time:0.0044193267822265625	Sol:[[9, 9], [3, 3, 7, 7], [3, 4, 1, 6], [3, 5, 1, 1], [3, 6, 7, 1], [3, 9, 4, 1]]
Instance:3	Time:0.0032558441162109375	Sol:[[10, 10], [3, 3, 8, 8], [3, 4, 1, 7], [3, 6, 1, 1], [3, 7, 8, 1], [4, 4, 4, 7], [4, 6, 4, 1]]
Instance:4	Time:0.036441802978515625	Sol:[[11, 12], [3, 3, 9, 6], [3, 4, 4, 8], [3, 5, 9, 1], [3, 6, 1, 6], [5, 3, 4, 5], [5, 4, 7, 9], [8, 4, 1, 1]]
Instance:5	Time:0.13552093505859375	Sol:[[12, 13], [3, 3, 10, 10], [3, 4, 4, 10], [3, 5, 1, 1], [3, 6, 10, 4], [3, 7, 7, 4], [3, 8, 1, 6], [3, 9, 4, 1], [6, 3, 7, 1]]
Instance:6	Time:0.08080101013183594	Sol:[[13, 13], [3, 3, 14, 11], [3, 4, 14, 7], [3, 5, 11, 1], [3, 6, 14, 1], [3, 7, 8, 7], [3, 8, 11, 6], [4, 3, 4, 11], [4, 4, 4, 7], [7, 6, 4, 1]]
Instance:7	Time:0.028264999389648438	Sol:[[14, 14], [3, 3, 12, 12], [3, 4, 12, 8], [3, 5, 1, 1], [3, 6, 9, 1], [3, 7, 12, 1], [3, 8, 9, 7], [3, 9, 1, 6], [5, 4, 4, 11], [5, 10, 4, 1]]
Instance:8	Time:0.048992156982421875	Sol:[[15, 15], [3, 3, 13, 13], [3, 4, 13, 1], [3, 5, 7, 11], [3, 6, 4, 10], [3, 7, 7, 4], [3, 8, 13, 5], [3, 9, 4, 1], [3, 12, 10, 4], [3, 15, 1, 1], [6, 3, 7, 1]]
Instance:9	Time:0.04925346374511719	Sol:[[16, 16], [3, 3, 14, 14], [3, 4, 11, 13], [3, 5, 14, 9], [3, 6, 1, 1], [3, 7, 8, 10], [3, 8, 14, 1], [3, 10, 1, 7], [3, 12, 11, 1], [4, 7, 4, 10], [7, 9, 4, 1]]
Instance:10	Time:0.11415481567382812	Sol:[[17, 17], [3, 3, 15, 15], [3, 4, 1, 14], [3, 5, 8, 10], [3, 6, 1, 1], [3, 7, 1, 7], [3, 8, 15, 7], [3, 9, 8, 1], [4, 3, 4, 15], [4, 8, 11, 7], [4, 14, 4, 1], [7, 3, 8, 15], [7, 6, 11, 1]]
Instance:11	Time:4.984647750854492	Sol:[[18, 18], [3, 3, 16, 16], [3, 4, 9, 1], [3, 5, 21, 11], [3, 6, 13, 13], [3, 7, 6, 12], [3, 8, 13, 5], [3, 10, 21, 1], [3, 11, 6, 1], [4, 3, 9, 16], [4, 4, 17, 1], [4, 5, 9, 11], [4, 6, 9, 5], [5, 3, 19, 16], [5, 4, 12, 1], [5, 5, 16, 11], [5, 6, 16, 5]]
Instance:12	Time:0.29703521728515625	Sol:[[19, 19], [3, 3, 25, 17], [3, 4, 22, 9], [3, 5, 25, 1], [3, 6, 19, 14], [3, 7, 22, 13], [3, 8, 22, 1], [3, 9, 12, 11], [3, 10, 12, 1], [3, 11, 25, 6], [3, 13, 19, 1], [3, 19, 9, 1], [4, 5, 15, 1], [4, 6, 15, 6], [4, 8, 15, 12]]
Instance:13	Time:5.810770034790039	Sol:[[20, 20], [3, 3, 18, 18], [3, 4, 1, 17], [3, 5, 4, 1], [3, 6, 1, 11], [3, 7, 4, 14], [3, 8, 4, 6], [3, 9, 11, 12], [3, 10, 1, 1], [3, 11, 15, 1], [3, 17, 18, 1], [4, 3, 7, 18], [4, 9, 14, 12], [4, 11, 11, 1], [4, 17, 7, 1]]
Instance:14	Time:0.7770729064941406	Sol:[[21, 21], [3, 3, 19, 19], [3, 4, 13, 1], [3, 5, 16, 11], [3, 6, 16, 16], [3, 7, 1, 1], [3, 8, 13, 14], [3, 9, 13, 5], [3, 10, 16, 1], [3, 14, 1, 8], [3, 18, 19, 1], [4, 4, 4, 18], [4, 6, 4, 12], [4, 11, 4, 1], [5, 6, 8, 16], [5, 15, 8, 1]]
Instance:15	Time:1.7067012786865234	Sol:[[22, 22], [3, 3, 20, 20], [3, 4, 1, 1], [3, 5, 1, 5], [3, 6, 17, 1], [3, 7, 14, 12], [3, 8, 7, 15], [3, 9, 20, 11], [3, 10, 20, 1], [3, 11, 14, 1], [3, 12, 17, 7], [3, 13, 1, 10], [3, 14, 7, 1], [3, 22, 4, 1], [4, 3, 10, 20], [4, 19, 10, 1], [6, 4, 14, 19]]
Instance:16	Time:105.98099136352539	Sol:[[23, 23], [3, 3, 17, 21], [3, 4, 1, 1], [3, 5, 14, 1], [3, 6, 4, 15], [3, 7, 14, 17], [3, 8, 17, 1], [3, 9, 1, 5], [3, 10, 1, 14], [3, 11, 14, 6], [3, 12, 17, 9], [3, 14, 4, 1], [3, 20, 7, 1], [4, 3, 20, 17], [4, 4, 20, 20], [4, 6, 20, 1], [4, 10, 20, 7], [4, 11, 10, 1], [4, 12, 10, 12], [6, 3, 4, 21]]
Instance:17	Time:105.49974250793457	Sol:[[24, 24], [3, 3, 24, 22], [3, 4, 24, 18], [3, 5, 20, 13], [3, 6, 6, 1], [3, 7, 14, 1], [3, 8, 9, 17], [3, 9, 14, 8], [3, 10, 17, 1], [3, 12, 24, 1], [3, 14, 17, 11], [3, 18, 6, 7], [3, 24, 3, 1], [4, 3, 20, 22], [4, 4, 20, 18], [4, 5, 23, 13], [4, 12, 20, 1], [5, 8, 12, 17], [5, 16, 9, 1]]
Instance:18	Time:185.03532600402832	Sol:[[25, 25], [3, 3, 19, 23], [3, 4, 16, 4], [3, 5, 1, 1], [3, 6, 13, 1], [3, 7, 1, 6], [3, 8, 7, 18], [3, 9, 13, 17], [3, 10, 13, 7], [3, 11, 4, 15], [3, 13, 1, 13], [3, 14, 4, 1], [3, 17, 7, 1], [3, 18, 16, 8], [3, 19, 19, 4], [3, 25, 10, 1], [4, 5, 22, 1], [4, 7, 22, 19], [4, 13, 22, 6], [6, 3, 16, 1]]
