60 97
73
34 6 0 91
13 3 34 0
13 5 0 83
10 12 34 67
10 12 50 84
6 7 54 46
6 15 39 40
25 7 21 55
25 15 33 3
21 12 0 55
16 7 44 72
16 5 33 62
21 3 24 79
21 5 12 1
5 7 0 67
5 5 19 30
4 1 50 96
4 10 24 30
6 13 0 22
12 13 21 62
12 9 14 82
23 6 0 35
7 3 14 73
7 5 53 79
2 1 58 96
2 10 12 8
6 6 28 35
6 5 44 67
14 7 30 27
14 6 7 67
16 3 18 76
16 5 34 83
14 6 18 19
14 5 16 25
14 13 18 6
3 2 50 80
3 7 12 23
11 2 0 74
11 7 0 76
6 7 44 88
6 6 34 34
33 14 6 41
12 4 4 18
12 3 0 88
16 18 44 18
12 3 32 22
12 18 0 0
4 4 0 18
4 3 40 34
3 1 35 25
3 2 50 82
6 9 54 37
6 9 6 25
6 1 47 79
6 2 54 1
5 7 46 55
5 18 45 37
3 9 0 46
3 9 11 73
9 18 51 54
6 5 12 30
6 2 44 95
2 12 16 7
2 9 14 9
8 3 15 79
8 9 26 82
10 9 34 88
3 5 3 50
3 2 8 23
3 18 50 36
3 7 3 42
2 3 48 80
2 9 58 9
