60 93
72
34 6 0 91
13 3 23 83
13 5 22 86
10 12 0 3
10 12 50 42
6 7 16 84
6 15 40 15
25 7 35 54
25 15 35 0
21 12 39 66
16 7 19 66
16 5 34 61
21 3 39 78
21 5 24 36
5 7 14 66
5 5 14 77
4 1 19 73
4 10 31 2
6 13 29 12
12 13 33 41
12 9 14 57
23 6 37 30
7 3 9 0
7 5 21 30
2 1 55 29
2 10 16 25
6 6 10 3
6 5 31 31
14 7 25 73
14 6 40 91
16 3 19 80
16 5 44 83
14 6 0 17
14 5 23 25
14 13 46 15
3 2 11 13
3 7 18 28
11 2 6 73
11 7 3 75
6 7 54 88
6 6 16 35
33 14 0 41
12 4 14 18
12 3 48 38
16 18 0 23
12 3 16 22
12 18 16 0
4 4 56 61
4 3 50 88
3 1 57 82
3 2 16 82
6 9 0 82
6 9 26 57
6 1 25 55
6 2 44 89
5 7 35 90
5 18 0 55
3 9 35 16
3 9 0 73
9 18 5 55
6 5 50 61
6 2 54 18
2 12 38 9
2 9 14 74
8 3 17 81
8 9 36 82
10 9 6 68
3 5 36 28
3 2 57 36
3 18 45 5
3 7 28 35
2 3 22 57
